1.000
1480.972
500
-100
0
1.001
-223.5407
-154.3006
0
180
1.002
1449.6038
500
-100
0
1.003
1414.7139
499.5066
-100
0
1.004
226.4593
-120.3006
0
0
1.005
226.4593
-120.3006
0
45
1.006
-36.83
163.6994
0
0
1.007
-36.83
163.6994
0
45
1.008
-36.83
213.6994
0
90
1.009
-36.83
213.6994
0
135
1.010
-186.83
213.6994
0
180
1.011
-186.83
213.6994
0
225
1.012
-220.83
163.6994
0
0
1.013
-220.83
163.6994
0
45
1.014
-220.83
129.6994
0
225
1.015
-220.83
129.6994
0
180
1.016
-254.83
29.6994
0
45
1.017
-230.7884
5.6578
0
225
1.018
-264.7884
-94.3422
0
0
1.019
-264.7884
-94.3422
0
45
1.020
-398.7884
-278.3422
0
45
1.021
-404.2585
-331.8956
0
225
1.022
-404.2585
-431.8956
0
270
1.023
-404.2585
-431.8956
0
315
1.024
-368.2929
-431.8956
0
0
1.025
-238.1854
-349.8712
0
180
1.026
1515.543
500
-100
0
1.027
-122.1854
94.3441
0
225
1.028
-86.83
129.6994
0
180
1.029
1552.9108
500
-100
0
1.030
226.4593
229.6994
0
90
1.031
211.8146
265.0548
0
135
1.032
-314.7884
-128.3422
0
180
1.033
-350.1438
-142.9869
0
225
1.034
176.4593
279.6994
0
180
1.035
141.1039
265.0548
0
225
1.036
27.8146
-55.6559
0
0
1.037
-107.5407
-41.0113
0
315
1.038
-122.1854
-5.6559
0
270
1.039
-78.7884
-340.4742
0
315
1.040
-8.0777
-269.7636
0
135
1.041
-43.4331
-255.1189
0
180
1.042
-208.8961
-260.3666
0
315
1.043
-223.5407
-154.3006
0
225
1.044
1158.0781
345.0274
-100
0
1.045
1506.9283
408.424
-100
0
1.046
1438.1344
408.424
-100
0
1.047
1366.6937
408.424
-100
0
1.048
-43.4331
-355.1189
0
0
1.049
-102.83
-364.5159
0
135
1.050
-8.0777
-340.4742
0
45
1.051
6.5669
-305.1189
0
90
1.052
1083.5717
345.0274
-100
0
1.053
1231.1975
345.0274
-100
0
1.054
1299.1956
345.0274
-100
0
1.055
1366.6937
345.0274
-100
0
1.056
1438.1344
345.0274
-100
0
1.057
1506.9283
345.0274
-100
0
1.058
1575.0572
345.0274
-100
0
1.059
1575.0572
408.424
-100
0
1.060
-173.5407
-275.0113
0
0
1.061
-238.1854
-189.6559
0
270
1.062
733.023
257.3356
-100
0
1.063
953.8688
259.4542
-100
0
1.064
1060.4141
259.4542
-100
0
1.065
1164.4726
259.4542
-100
0
1.066
1268.7309
259.4542
-100
0
1.067
1376.2175
259.4542
-100
0
1.068
1490.5313
264.7019
-100
0
1.069
1601.8057
264.7019
-100
0
1.070
733.023
181.5278
-100
0
1.071
841.3359
259.4542
-100
0
1.072
841.3359
181.5278
-100
0
1.073
953.8688
181.5278
-100
0
1.074
1060.4141
181.5278
-100
0
1.075
1164.4726
181.5278
-100
0
1.076
1268.7309
181.5278
-100
0
1.077
1376.2175
181.5278
-100
0
1.078
1490.5313
181.5278
-100
0
1.079
1601.8057
181.5278
-100
0
1.080
63.17
-41.0113
0
45
1.081
733.023
102.5038
-100
0
1.082
841.3359
102.5038
-100
0
1.083
953.8688
102.5038
-100
0
1.084
1060.4141
102.5038
-100
0
1.085
1164.4726
102.5038
-100
0
1.086
1268.7309
102.5038
-100
0
1.087
1376.2175
107.7515
-100
0
1.088
1490.5313
107.7515
-100
0
1.089
1601.8057
107.7515
-100
0
1.090
1316.825
18.5349
-100
180
1.091
176.4593
-137.3006
0
0
1.092
243.4593
-20.3006
0
90
1.093
-136.83
230.6994
0
180
1.094
-203.83
213.6994
0
270
1.095
-264.7884
-111.3422
0
180
1.096
-285.5615
-373.2057
0
45
1.097
-134.2062
106.3649
0
45
1.098
-19.83
213.6994
0
270
1.099
-36.83
146.6994
0
180
1.100
-238.1854
-332.8712
0
0
1.101
-223.5407
-137.3006
0
0
1.102
1319.0383
-95.1804
-100
0
1.103
-23.5407
-137.3006
0
0
1.104
76.4593
-137.3006
0
0
1.105
243.4593
-120.3006
0
90
1.106
109.4593
129.6994
0
90
1.107
243.4593
129.6994
0
90
1.108
243.4593
29.6994
0
90
1.109
-36.83
230.6994
0
180
1.110
-237.83
129.6994
0
270
1.111
-247.7884
5.6578
0
270
1.112
-381.7884
-178.3422
0
270
1.113
-421.2585
-331.8956
0
270
1.114
-356.2723
-443.9164
0
45
1.115
27.8146
-72.6559
0
180
1.116
-139.1854
-5.6559
0
90
1.117
1442.439
-95.1804
-100
0
1.118
1563.0352
-95.1804
-100
0
1.119
1681.8077
-95.1804
-100
0
1.120
109.4593
29.6994
0
90
1.121
-123.5407
-137.3006
0
0
1.122
854.8454
-147.512
-100
0
1.123
971.7761
-147.512
-100
0
1.124
1087.7158
-147.512
-100
0
1.125
1200.6827
-147.512
-100
0
1.126
1319.0383
-147.512
-100
0
1.127
1442.439
-147.512
-100
0
1.128
1563.0352
-147.512
-100
0
1.129
1681.8077
-147.512
-100
0
1.130
622.0316
-201.6104
-100
0
1.131
739.6353
-201.6104
-100
0
1.132
854.8454
-201.6104
-100
0
1.133
971.7761
-201.6104
-100
0
1.134
1087.7158
-201.6104
-100
0
1.135
1200.6827
-201.6104
-100
0
1.136
1319.0383
-201.6104
-100
0
1.137
1442.439
-201.6104
-100
0
1.138
1563.0352
-201.6104
-100
0
1.139
1681.8077
-201.6104
-100
0
1.140
622.0316
-251.2814
-100
0
1.141
739.6353
-251.2814
-100
0
1.142
854.8454
-251.2814
-100
0
1.143
971.7761
-251.2814
-100
0
1.144
1089.2862
-251.2814
-100
0
1.145
1200.6827
-251.2814
-100
0
1.146
1319.0383
-251.2814
-100
0
1.147
1442.439
-251.2814
-100
0
1.148
1563.0352
-251.2814
-100
0
1.149
1681.8077
-251.2814
-100
0
1.150
1336.9022
18.5349
-100
0
1.151
1383.2696
18.5349
-100
0
1.152
622.0316
-345.7742
-100
0
1.153
622.0316
-412.6123
-100
0
1.154
-386.7676
-290.363
41.7359
225
1.155
-404.2585
-448.8956
35.9656
0
1.156
-23.5407
-137.3006
0
0
1.157
-123.5407
-137.3006
0
0
1.158
-136.83
230.6994
0
0
1.159
243.4593
-120.3006
0
90
1.160
109.4593
229.6994
0
270
1.161
243.4593
229.6994
0
90
1.162
109.4593
29.6994
0
90
1.163
-237.83
129.6994
0
270
1.164
-247.7884
-94.3422
0
90
1.165
-421.2585
-331.8956
0
90
1.166
-139.1854
-5.6559
0
270
1.167
-223.5407
-137.3006
0
0
1.168
-356.2722
-443.9165
0
45
1.169
-238.1854
-332.8712
0
0
1.170
-226.9877
-114.4485
0
0
1.171
-129.6902
-114.4485
0
0
1.172
-20.9012
-114.4485
0
0
1.173
132.508
-158.7161
0
180
1.174
5.5327
-160.7013
0
270
1.175
55.1532
-160.7013
0
270
1.176
185.1007
-176.7269
0
180
1.177
220.6555
-87.2532
0
90
1.178
220.6555
-44.7483
0
90
1.179
220.6555
2.2195
0
90
1.180
263.3066
51.6112
0
270
1.181
263.3066
5.8021
0
270
1.182
263.3066
-36.7028
0
270
1.183
265.6774
59.9732
0
0
1.184
296.5174
57.9119
0
0
1.185
165.6258
-111.993
0
0
1.186
145.5697
-79.1724
0
270
1.187
145.5697
-36.6676
0
270
1.188
145.5697
27.8378
0
270
1.189
145.5697
42.8459
0
0
1.190
263.3066
-94.4147
0
0
1.191
268.7586
127.6398
0
0
1.192
296.5278
128.8193
0
0
1.193
266.6976
184.3212
0
270
1.194
267.1625
231.0526
0
270
1.195
266.9245
277.6918
0
270
1.196
266.6865
324.331
0
270
1.197
147.2641
321.4976
0
0
1.198
139.5796
257.9532
0
270
1.199
139.5611
215.9494
0
270
1.200
139.3049
168.1772
0
270
1.201
222.2759
135.2376
0
90
1.202
222.2759
196.7476
0
90
1.203
201.9914
229.7197
0
90
1.204
161.9583
135.0235
0
0
1.205
209.8688
84.1201
0
90
1.206
184.7068
97.8756
0
90
1.207
-392.8799
-480.2973
0
0
1.208
1778.6362
-552.9569
-100
0
1.209
1798.6362
-552.9569
-100
0
1.210
-391.9488
-338.5152
0
270
1.211
1818.6362
-552.9569
-100
0
1.212
-344.035
-192.0857
0
270
1.213
-10.8547
60.1782
0
0
1.214
-18.2923
119.0182
0
270
1.215
18.4463
82.93
0
0
1.216
72.4372
265.8025
0
270
1.217
72.5537
215.5459
0
270
1.218
72.8757
168.7878
0
270
1.219
-150.1343
182.4106
0
0
1.220
-240.5856
167.1599
0
0
1.221
-64.2511
55.5392
0
270
1.222
-88.4851
120.2454
0
270
1.223
-18.3392
55.5392
0
270
1.224
43.9221
55.5392
0
270
1.225
43.9221
-8.9662
0
270
1.226
-362.9115
-377.113
0
0
1.227
1758.6362
-552.9569
-100
0
1.228
-332.8286
-85.4749
0
0
1.229
-328.9617
-31.6813
0
0
1.230
-325.0948
22.1123
0
0
1.231
-321.2278
75.9059
0
0
1.232
-317.3609
129.6994
0
0
1.233
1.2639
135.3564
0
0
1.234
-217.8439
120.4324
0
270
1.235
805.3926
-590.2898
-100
0
1.236
835.6926
-590.2898
-100
0
1.237
866.2728
-590.2898
-100
0
1.238
896.2504
-590.2898
-100
0
1.239
928.6807
-590.2898
-100
0
1.240
958.7499
-590.2898
-100
0
1.241
987.6374
-590.2898
-100
0
1.242
1015.7073
-590.2898
-100
0
1.243
1044.3223
-590.2898
-100
0
1.244
1075.8149
-590.2898
-100
0
1.245
1104.7024
-590.2898
-100
0
1.246
1134.4075
-590.2898
-100
0
1.247
1162.75
-590.2898
-100
0
1.248
1190.6524
-590.2898
-100
0
1.249
1219.8124
-590.2898
-100
0
1.250
1264.3669
-590.2898
-100
0
1.251
1293.8073
-590.2898
-100
0
1.252
1319.3886
-590.2898
-100
0
1.253
1348.4557
-590.2898
-100
0
1.254
1377.9254
-590.2898
-100
0
1.255
1406.3036
-590.2898
-100
0
1.256
1436.8647
-590.2898
-100
0
1.257
1468.5174
-590.2898
-100
0
1.258
1499.6242
-590.2898
-100
0
1.259
1529.0939
-590.2898
-100
0
1.260
1562.0049
-590.2898
-100
0
1.261
1595.0904
-590.2898
-100
0
1.262
1624.4998
-590.2898
-100
0
1.263
1656.9726
-590.2898
-100
0
1.264
1686.382
-590.2898
-100
0
1.265
1716.805
-590.2898
-100
0
1.266
1750.5107
-590.2898
-100
0
1.267
-23.561
293.3283
0
0
1.268
46.7546
293.3
0
0
1.269
3.3283
267.6561
0
270
